6863407705 68634030462 
6863407745 68634030624 
6863407785 68634030781
6863407706 68634030465 
6863407746 68634030628 
6863407786 68634030785
6863407707 68634030469 
6863407747 68634030630 
6863407787 68634030791
6863407708 68634030476 
6863407748 68634030634 
6863407788 68634030795
6863407709 68634030479
6863407749 68634030637
6863407789 68634030799
6863407710 68634030482 
6863407750 68634030644 
6863407690 68634030403
6863407711 68634030485 
6863407751 68634030645 
6863407691 68634030406
6863407712 68634030490 
6863407752 68634030652 
6863407692 68634030411
6863407713 68634030493 
6863407753 68634030654 
6863407693 68634030415
6863407714 68634030498 
6863407754 68634030657 
6863407694 68634030420
6863407715 68634030503 
6863407755 68634030664 
6863407695 68634030424
6863407716 68634030505 
6863407756 68634030666 
6863407696 68634030426
6863407717 68634030509 
6863407757 68634030669 
6863407697 68634030431
6863407718 68634030514 
6863407758 68634030676 
6863407698 68634030434
6863407719 68634030519 
6863407759 68634030679 
6863407699 68634030438
6863407720 68634030522 
6863407760 DROP 
6863407700 68634030441
6863407721 68634030525 
6863407761 68634030687 
6863407701 68634030448
6863407722 68634030530 
6863407762 68634030690 
6863407702 68634030450
6863407723 68634030536 
6863407763 68634030693 
6863407703 68634030454
6863407724 68634030539 
6863407764 68634030700 
6863407704 68634030459
6863407725 68634030542 
6863407765 68634030701
6863407726 68634030548 
6863407766 68634030707
6863407727 68634030551 
6863407767 68634030710
6863407728 68634030556 
6863407768 68634030715
6863407729 DROP 
6863407769 68634030717
6863407730 68634030562 
6863407770 68634030721
6863407731 68634030566 
6863407771 68634030728
6863407732 68634030570 
6863407772 68634030730
6863407733 68634030574 
6863407773 68634030733
6863407734 68634030580 
6863407774 68634030739
6863407735 68634030582 
6863407775 68634030744
6863407736 68634030588 
6863407776 68634030746
6863407737 68634030590 
6863407777 68634030749
6863407738 68634030594 
6863407778 68634030754
6863407739 68634030599 
6863407779 68634030759
6863407740 68634030601 
6863407780 68634030761
6863407741 68634030605 
6863407781 68634030767
6863407742 68634030609 
6863407782 68634030771
6863407743 68634030615 
6863407783 DROP
6863407744 68634030619 
6863407784 68634030778